1.0163823790671798
0.991516796762685
0.18705463403192177
0.150328877031097
0.8899285130396735
0.8119696550912511
0.7560549577015668
0.3979755160822271
0.6930899186137887
0.6814634290047105
0.6998537596675795
0.27024724475828427
0.47005857374937277
0.4309034641193008
0.7744354061205369
1.5969125172064764
0.9017710012056992
0.432515207098598
-0.4663093461065366
0.6722508891305463
0.14006371445206997
0.633842538310216
1.091207010515718
0.09205886385534903
0.7039043317493318
0.6696190128378856
0.20392347414088616
0.31204961380861956
1.4306032894361465
1.0438705002586708
1.8515130589411213
-2.6176529133107818
0.5744477337075233
1.0411368492117374
0.7511913808947469
0.24581103796480533
0.9466750872084414
0.8730279173239736
0.8147627831510971
0.9705762768199307
0.8414506805175442
0.8536458079605914
0.4724733795904714
1.0593860170748066
1.0062508067009415
0.20004106316028758
0.809887263879202
1.2707868370946325
0.3049898249588285
0.39105893118958174
0.3602474257580362
0.8440941673739859
0.45186245674638315
0.7222784409128744
0.18841285708168176
0.766991223661202
0.7053481674373042
0.30437661739007266
0.3469406797624486
0.6692621067013685
0.7416046955954306
0.48523715790658395
0.19631760911326218
-0.936402684242207
0.7753269826864203
0.2401051676179476
0.9957130592378499
0.3439919100336482
0.9768006999129639
0.41765672505703944
1.0506445471780672
0.7907203253000925
0.6093621699484237
0.6052823866991561
0.7739473159447596
0.6927091039286182
0.3591568053252305
0.25277910604834214
0.5830683138960435
1.641744897505808
0.7001676199554465
0.15188136425326823
0.9077045292410054
0.7925400885334885
0.9690168659016982
0.3037713468846438
0.8373065541091724
0.1737684304460871
0.7537966189243561
0.358369337863003
0.3630621066279905
0.9742995603006582
0.12577816553020987
0.5620136294921084
0.9114264188900677
0.9382304087330403
0.21938585981557104
0.8771620518939733
0.45804800271896745
0.7432310877005173
-0.027755957984459623
0.3791132411016786
0.18335855724494754
0.6542246527230113
0.07377611617016179
0.8761551637275758
0.16682361771125115
0.5285865424493971
0.4233729461113866
0.39963659116472555
0.9811143374091054
-0.7387592544795943
0.14106188370338205
0.6777519445266992
0.35160870222988094
0.023856512277694746
0.9927578146927173
0.10323203879307295
-0.021058099247378826
0.31081031937942466
0.5822323271615358
0.7131735516720932
0.08187349848017156
0.28185051795165295
0.108030299936082
0.4502478730529243
0.7770072002017946
0.4252023370051562
0.7404622251060728
0.6928799534462249
0.8966110405589717
0.7293032875952328
0.5644502655675981
0.22542234559988572
0.460771602763744
0.06695484811321602
-0.10125126718762506
0.03388050596499919
0.6723403809047064
0.38298801597865023
0.8045685213876131
0.5518836341910963
0.7228731804376064
-1.357826957505674
0.9756922534072603
0.27661848773972064
0.621267655976887
0.42967043749573247
0.04503261638154576
0.568634267155592
0.1697856493984854
0.08371367660108174
0.08376958054475186
0.19319936659896889
0.1252586946847135
0.6688500847793377
0.5079023462107555
0.9904172357988453
0.9385353866287448
1.174276272043698
0.7686988088432977
-3.195506528570558
0.778323135920632
-0.6358859501998481
1.2276448480230915
0.6818747467496298
-0.7955212642079299
-0.27472203398966943
-1.3998547558697947
0.5115151802954282
1.4073077554505409
